Name = Area 51
Frequency = 1
Lineup_Delay = 120
Min_Players = 2
Min_Level = 15
Cash_Prize = 15000
Cash_Entry = 1500
XP_Prize = 15000
XP_Bonus = 3000
Max_Time = 300
XP_Kill = 1800
XP_Death = 250
Join_Active = 1
Max_Distance = 120
Weapons = 24/27/30/0/0/0/0/0/0/0/
Start_CP = -16.790000,1517.150024,12.340000
Centre_CP = 212.210006,1865.109985,19.010000
SP_Count = 12
SP1 = 265.440002,1896.310058,33.900001
SP2 = 233.169998,1932.670043,33.900001
SP3 = 160.789993,1934.880004,33.900001
SP4 = 101.709999,1900.560058,33.900001
SP5 = 111.769996,1814.689941,33.900001
SP6 = 264.239990,1807.430053,33.900001
SP7 = 211.690002,1812.050048,21.860000
SP8 = 248.899993,1858.569946,14.079998
SP9 = 215.660003,1822.739990,6.409996
SP10 = 330.459991,1857.030029,7.829998
SP11 = 267.540008,1857.760009,8.760000
SP12 = 268.369995,1883.770019,-30.090000