Name = Base Jump
Frequency = 3
Lineup_Delay = 80
Min_Players = 1
Min_Level = 6
Cash_Prize = 4000
Cash_Entry = 300
XP_Prize = 2000
XP_Bonus = 300
Max_Time = 400
XP_Kill = 400
XP_Death = 0
Join_Active = 1
Max_Distance = 1300
Weapons = 46/28/30/0/0/0/0/0/0/0/
Start_CP = 2323.800048,1283.199951,97.529998
Centre_CP = 2323.800048,1283.199951,97.529998
SP_Count = 8
SP1 = 2323.760009,1283.349975,1299.540039
SP2 = 2323.760009,1283.349975,1299.500000
SP3 = 2323.790039,1283.349975,1299.540039
SP4 = 2323.760009,1283.349975,1299.500000
SP5 = 2323.790039,1283.349975,1299.500000
SP6 = 2323.760009,1283.329956,1299.500000
SP7 = 2323.760009,1283.300048,1299.520019
SP8 = 2323.780029,1283.390014,1299.500000