Name = Blue Mountains
Frequency = 3
Lineup_Delay = 80
Min_Players = 2
Min_Level = 6
Cash_Prize = 4000
Cash_Entry = 300
XP_Prize = 3000
XP_Bonus = 200
Max_Time = 300
XP_Kill = 700
XP_Death = 100
Join_Active = 1
Max_Distance = 300
Weapons = 8/23/0/0/0/0/0/0/0/0/
Start_CP = 1653.569580,-1051.173950,23.898399
Centre_CP = -2815.302246,-1523.816040,140.843795
SP_Count = 5
SP1 = -2851.719726,-1580.448364,141.320297
SP2 = -2809.930664,-1655.594238,141.515106
SP3 = -2748.620117,-1376.333984,144.169097
SP4 = -2835.441650,-1402.234497,134.090805
SP5 = -2859.023193,-1481.234497,136.146392