Name = Cargo Ship
Frequency = 1
Lineup_Delay = 120
Min_Players = 2
Min_Level = 13
Cash_Prize = 20000
Cash_Entry = 1000
XP_Prize = 10000
XP_Bonus = 500
Max_Time = 300
XP_Kill = 800
XP_Death = 0
Join_Active = 1
Max_Distance = 200
Weapons = 22/25/9/0/0/0/0/0/0/0/
Start_CP = 2358.659912,533.559997,1.379999
Centre_CP = -2472.949951,1547.359985,33.229999
SP_Count = 7
SP1 = -2426.560058,1536.300048,2.119997
SP2 = -2366.229980,1536.540039,2.119997
SP3 = -2432.399902,1534.239990,34.400001
SP4 = -2384.750000,1534.630004,26.049999
SP5 = -2350.290039,1548.599975,23.139999
SP6 = -2342.149902,1530.170043,17.329999
SP7 = -2302.860107,1544.250000,18.770000