Name = Dildo Farm Revenge
Frequency = 2
Lineup_Delay = 90
Min_Players = 2
Min_Level = 1
Cash_Prize = 10000
Cash_Entry = 100
XP_Prize = 3000
XP_Bonus = 200
Max_Time = 300
XP_Kill = 1000
XP_Death = 0
Join_Active = 1
Max_Distance = 200
Weapons = 10/11/12/13/0/0/0/0/0/0/
Start_CP = 621.363220,50.637401,1.421200
Centre_CP = -1444.116943,-1566.487060,101.757797
SP_Count = 10
SP1 = -1422.554931,-1570.684326,101.757797
SP2 = -1452.303955,-1576.677734,101.757797
SP3 = -1452.303955,-1576.677734,101.757797
SP4 = -1452.602050,-1576.215087,105.125000
SP5 = -1444.116943,-1566.487060,101.757797
SP6 = -1418.498535,-1553.257568,101.757797
SP7 = -1435.428588,-1533.491821,101.755401
SP8 = -1409.011840,-1515.722167,101.694503
SP9 = -1468.394775,-1510.545410,101.751296
SP10 = -1449.705078,-1481.801635,101.757797