Name = fy_poolday
Frequency = 2
Lineup_Delay = 80
Min_Players = 2
Min_Level = 4
Cash_Prize = 4000
Cash_Entry = 200
XP_Prize = 2000
XP_Bonus = 200
Max_Time = 300
XP_Kill = 400
XP_Death = 0
Join_Active = 1
Max_Distance = 120
Weapons = 24/29/4/0/0/0/0/0/0/0/
Start_CP = 951.679992,-1355.848632,13.023400
Centre_CP = 1767.956420,2813.325683,8.335900
SP_Count = 18
SP1 = 1740.560058,2860.791503,10.996296
SP2 = 1750.756103,2866.134277,10.996296
SP3 = 1761.853515,2869.155517,10.996296
SP4 = 1773.473144,2868.878417,10.996296
SP5 = 1784.355468,2865.985595,10.996296
SP6 = 1794.256347,2860.896240,10.996296
SP7 = 1732.047973,2825.314208,11.004096
SP8 = 1735.737426,2813.787353,11.004096
SP9 = 1738.452270,2802.634521,11.004096
SP10 = 1747.104370,2769.038818,11.004096
SP11 = 1750.838500,2757.847412,11.004096
SP12 = 1753.425903,2746.199707,11.004096
SP13 = 1800.369506,2825.291015,11.004096
SP14 = 1797.403808,2814.028808,11.004096
SP15 = 1794.625854,2802.590087,11.004096
SP16 = 1785.234375,2768.980468,11.004096
SP17 = 1782.214111,2758.084228,11.004096
SP18 = 1779.208251,2746.622802,11.004096