Name = Millitary Base
Frequency = 1
Lineup_Delay = 60
Min_Players = 2
Min_Level = 6
Cash_Prize = 4000
Cash_Entry = 400
XP_Prize = 2000
XP_Bonus = 500
Max_Time = 300
XP_Kill = 400
XP_Death = 50
Join_Active = 1
Max_Distance = 200
Weapons = 23/27/30/0/0/0/0/0/0/0/
Start_CP = 2486.139892,2772.600097,10.350000
Centre_CP = 2595.065673,2776.672851,23.822200
SP_Count = 15
SP1 = 2544.503173,2805.884033,19.992200
SP2 = 2556.255371,2832.531250,19.992200
SP3 = 2561.917480,2848.553222,19.992200
SP4 = 2613.986572,2848.447509,19.992200
SP5 = 2611.550048,2845.754150,16.701999
SP6 = 2545.924316,2839.182373,10.820300
SP7 = 2647.655273,2805.027832,10.820300
SP8 = 2672.938720,2800.337402,10.820300
SP9 = 2672.830566,2792.105712,10.820300
SP10 = 2647.783447,2697.588378,19.322200
SP11 = 2654.542724,2720.347412,19.322200
SP12 = 2653.206298,2738.243164,19.322200
SP13 = 2641.135009,2703.201904,25.822200
SP14 = 2599.130371,2700.724853,25.822200
SP15 = 2606.138427,2721.523681,25.822200