Name = Minigun Madness
Frequency = 1
Lineup_Delay = 80
Min_Players = 2
Min_Level = 0
Cash_Prize = 2000
Cash_Entry = 100
XP_Prize = 1000
XP_Bonus = 200
Max_Time = 300
XP_Kill = 300
XP_Death = 0
Join_Active = 1
Max_Distance = 100
Weapons = 38/0/0/0/0/0/0/0/0/0/
Start_CP = 2197.767089,-1643.993530,14.829096
Centre_CP = -2069.035888,228.754806,39.051799
SP_Count = 6
SP1 = -2072.988037,306.571105,41.992198
SP2 = -2052.108154,304.155212,41.992198
SP3 = -2060.411376,253.166107,37.582698
SP4 = -2131.706054,174.947906,42.250000
SP5 = -2120.097656,225.419097,35.120601
SP6 = -2028.890747,156.144897,28.835899