Name = The Bad And The Ugly
Frequency = 4
Lineup_Delay = 90
Min_Players = 2
Min_Level = 4
Cash_Prize = 3000
Cash_Entry = 300
XP_Prize = 2000
XP_Bonus = 200
Max_Time = 300
XP_Kill = 500
XP_Death = 0
Join_Active = 1
Max_Distance = 200
Weapons = 27/0/0/0/0/0/0/0/0/0/
Start_CP = 143.547103,-1567.568237,10.764200
Centre_CP = -384.657714,2239.593994,42.093799
SP_Count = 5
SP1 = -376.213714,2258.644531,43.054698
SP2 = -429.579986,2240.571777,42.983398
SP3 = -480.454193,2181.994384,41.867198
SP4 = -384.805999,2207.689697,42.423900
SP5 = -332.499114,2227.652587,42.488800