Name = The US Navy
Frequency = 1
Lineup_Delay = 120
Min_Players = 2
Min_Level = 14
Cash_Prize = 50000
Cash_Entry = 5000
XP_Prize = 14000
XP_Bonus = 800
Max_Time = 300
XP_Kill = 1000
XP_Death = 0
Join_Active = 1
Max_Distance = 100
Weapons = 27/29/31/0/0/0/0/0/0/0/
Start_CP = 2786.840087,-2456.290039,13.630000
Centre_CP = -1368.180053,493.720001,24.299999
SP_Count = 7
SP1 = -1373.079956,500.859985,11.199996
SP2 = -1291.239990,490.640014,11.199996
SP3 = -1288.250000,513.940002,11.199996
SP4 = -1394.589965,488.720001,11.199996
SP5 = -1352.810058,517.500000,11.199996
SP6 = -1446.910034,501.290008,3.039999
SP7 = -1376.540039,513.849975,3.039999