Name = Заброшеный склад
Money = 6
XP = 18
Multi = 50
Dist = 30
Coord_X = -2146.958496
Coord_Y = -217.157104
Coord_Z = 35.320301