Name = Автомагазин
Money = 10
XP = 30
Multi = 20
Dist = 30
Coord_X = 1221.352783
Coord_Y = -1814.898315
Coord_Z = 16.593799