Name = Домик в деревне
Money = 10
XP = 30
Multi = 10
Dist = 30
Coord_X = -687.992797
Coord_Y = 948.648925
Coord_Z = 12.150198