Name = Binco Clothing
Cost = 15000
Value = 800
Level = 5
Owner = Unknown
Buyout = 0
Vault = 0
Upgrade = 1
ShowIcon = 0
Coord_X = 207.563995
Coord_Y = -97.818801
Coord_Z = 1005.257812