Name = Botique
Cost = 35000
Value = 800
Level = 5
Owner = Unknown
Buyout = 0
Vault = 0
Upgrade = 1
ShowIcon = 0
Coord_X = 418.554687
Coord_Y = -80.166702
Coord_Z = 1001.804687