Name = Caligulas
Cost = 3750000
Value = 19900
Level = 20
Owner = Unknown
Buyout = 0
Vault = 0
Upgrade = 1
ShowIcon = 1
Coord_X = 2235.540771
Coord_Y = 1679.040161
Coord_Z = 1008.359375