Name = Casino
Cost = 50000
Value = 8000
Level = 20
Owner = Unknown
Buyout = 0
Vault = 0
Upgrade = 1
ShowIcon = 0
Coord_X = 1130.784301
Coord_Y = -2.044898
Coord_Z = 1000.679687