Name = City Planning Department
Cost = 35000
Value = 1600
Level = 12
Owner = Unknown
Buyout = 0
Vault = 0
Upgrade = 1
ShowIcon = 0
Coord_X = 357.058410
Coord_Y = 173.578704
Coord_Z = 1008.382019