Name = Club-Disco
Cost = 50000
Value = 1600
Level = 10
Owner = Unknown
Buyout = 0
Vault = 0
Upgrade = 1
ShowIcon = 0
Coord_X = 500.704895
Coord_Y = -13.377696
Coord_Z = 1000.679687