Name = Cobra Marital Arts
Cost = 15000
Value = 800
Level = 5
Owner = Unknown
Buyout = 0
Vault = 0
Upgrade = 1
ShowIcon = 0
Coord_X = 768.201416
Coord_Y = -36.946098
Coord_Z = 1000.686523