Name = Coutt and Schutz Auto
Cost = 25000
Value = 1250
Level = 8
Owner = Unknown
Buyout = 0
Vault = 0
Upgrade = 1
ShowIcon = 0
Coord_X = 2131.645507
Coord_Y = -1148.283569
Coord_Z = 24.389799