Name = DidierSachs Clothing
Cost = 20000
Value = 950
Level = 7
Owner = Unknown
Buyout = 0
Vault = 0
Upgrade = 1
ShowIcon = 0
Coord_X = 204.281005
Coord_Y = -157.261398
Coord_Z = 1000.523376