Name = Emerald Isle
Cost = 160000
Value = 4100
Level = 17
Owner = Unknown
Buyout = 0
Vault = 0
Upgrade = 1
ShowIcon = 1
Coord_X = 2127.593994
Coord_Y = 2370.425537
Coord_Z = 10.820300