Name = Four Dragons
Cost = 2050000
Value = 16000
Level = 20
Owner = Unknown
Buyout = 0
Vault = 0
Upgrade = 1
ShowIcon = 1
Coord_X = 1993.975830
Coord_Y = 1017.894470
Coord_Z = 994.890625