Name = Gym
Cost = 20000
Value = 1000
Level = 7
Owner = Unknown
Buyout = 0
Vault = 0
Upgrade = 1
ShowIcon = 1
Coord_X = 773.613769
Coord_Y = -72.161598
Coord_Z = 1000.648376