Name = Inside Track
Cost = 20000
Value = 1200
Level = 7
Owner = Unknown
Buyout = 0
Vault = 0
Upgrade = 1
ShowIcon = 1
Coord_X = 823.181884
Coord_Y = 3.236099
Coord_Z = 1004.179687