Name = Jizzys
Cost = 58000
Value = 1675
Level = 13
Owner = Unknown
Buyout = 0
Vault = 0
Upgrade = 1
ShowIcon = 0
Coord_X = -2650.066650
Coord_Y = 1409.210571
Coord_Z = 906.273376