Name = Lil Probe-Inn
Cost = 47000
Value = 1100
Level = 6
Owner = Unknown
Buyout = 0
Vault = 0
Upgrade = 1
ShowIcon = 0
Coord_X = -225.779006
Coord_Y = 1403.945922
Coord_Z = 27.773399