Name = Ottos Auto
Cost = 25000
Value = 1250
Level = 8
Owner = Unknown
Buyout = 0
Vault = 0
Upgrade = 1
ShowIcon = 1
Coord_X = -1657.833374
Coord_Y = 1207.304077
Coord_Z = 7.250000