Name = Restroom
Cost = 100000
Value = 3300
Level = 40
Owner = Unknown
Buyout = 0
Vault = 0
Upgrade = 1
ShowIcon = 0
Coord_X = -789.470886
Coord_Y = 509.956604
Coord_Z = 1367.374511