Name = Sex Shop
Cost = 40000
Value = 950
Level = 7
Owner = Unknown
Buyout = 0
Vault = 0
Upgrade = 1
ShowIcon = 0
Coord_X = -103.552497
Coord_Y = -22.466100
Coord_Z = 1000.718811