Name = Shithole Bar
Cost = 25000
Value = 1300
Level = 8
Owner = Unknown
Buyout = 0
Vault = 0
Upgrade = 1
ShowIcon = 0
Coord_X = 501.492706
Coord_Y = -75.432296
Coord_Z = 998.757812