Name = Strip Club
Cost = 60000
Value = 1400
Level = 10
Owner = Unknown
Buyout = 0
Vault = 0
Upgrade = 1
ShowIcon = 1
Coord_X = 1212.391845
Coord_Y = -10.945899
Coord_Z = 1000.921875