Name = Tattoo Parlor
Cost = 40000
Value = 600
Level = 3
Owner = Unknown
Buyout = 0
Vault = 0
Upgrade = 1
ShowIcon = 0
Coord_X = -203.486404
Coord_Y = -41.204498
Coord_Z = 1002.273376