Name = The Big Spread Ranch
Cost = 48000
Value = 1450
Level = 9
Owner = Unknown
Buyout = 0
Vault = 0
Upgrade = 1
ShowIcon = 1
Coord_X = 1208.502685
Coord_Y = -32.604400
Coord_Z = 1000.953125