Name = The Visage
Cost = 145000
Value = 3800
Level = 17
Owner = Unknown
Buyout = 0
Vault = 0
Upgrade = 1
ShowIcon = 1
Coord_X = 2022.517944
Coord_Y = 1916.684814
Coord_Z = 12.339698