Name = Train Hard Clothing
Cost = 15000
Value = 800
Level = 5
Owner = Unknown
Buyout = 0
Vault = 0
Upgrade = 1
ShowIcon = 0
Coord_X = 210.111099
Coord_Y = -129.127304
Coord_Z = 1003.515197