Name = Urban Clothing
Cost = 15000
Value = 800
Level = 5
Owner = Unknown
Buyout = 0
Vault = 0
Upgrade = 1
ShowIcon = 0
Coord_X = 203.855697
Coord_Y = -40.471698
Coord_Z = 1001.804687