Name = Verdant Meadows Air Strip
Cost = 20000
Value = 1200
Level = 7
Owner = Unknown
Buyout = 0
Vault = 0
Upgrade = 1
ShowIcon = 0
Coord_X = 418.121002
Coord_Y = 2536.876220
Coord_Z = 10.000000