Name = Victim Clothing
Cost = 15000
Value = 800
Level = 5
Owner = Unknown
Buyout = 0
Vault = 0
Upgrade = 1
ShowIcon = 0
Coord_X = 210.372406
Coord_Y = -8.182498
Coord_Z = 1005.210876