Name = Wang Cars
Cost = 25000
Value = 1250
Level = 8
Owner = Unknown
Buyout = 0
Vault = 0
Upgrade = 1
ShowIcon = 1
Coord_X = -1957.532714
Coord_Y = 300.213104
Coord_Z = 35.468799