Name = Zero RC
Cost = 10000
Value = 900
Level = 3
Owner = Unknown
Buyout = 0
Vault = 0
Upgrade = 1
ShowIcon = 1
Coord_X = -2231.247802
Coord_Y = 131.962295
Coord_Z = 1035.414062