Name = Zombotech
Cost = 35000
Value = 1600
Level = 12
Owner = Unknown
Buyout = 0
Vault = 0
Upgrade = 1
ShowIcon = 1
Coord_X = -1951.593750
Coord_Y = 704.356689
Coord_Z = 46.562500