Name = Backstreet Bang
Race_Frequency = 4
Lineup_Delay = 187
Min_Racers = 1
Min_Level = 8
Cash_Prize = 3000
Cash_Entry = 500
XP_Prize = 1600
XP_Bonus = 350
Race_Time = 180
Startline_Heading = 88.949096
CP_Count = 18
CP1 = 2169.872802,2022.469238,10.351595
CP2 = 2090.056640,2037.678955,10.500000
CP3 = 2005.130981,2048.602050,10.500000
CP4 = 1990.937255,2139.465576,10.500000
CP5 = 1996.592529,2199.517089,10.500000
CP6 = 2029.652343,2206.116943,10.500000
CP7 = 2014.606689,2301.778076,10.500000
CP8 = 2027.492797,2414.893554,10.351595
CP9 = 1975.669677,2643.122070,10.351595
CP10 = 1881.707031,2712.018554,10.351595
CP11 = 1526.746215,2772.861572,10.351595
CP12 = 1444.214721,2819.763183,10.501399
CP13 = 1322.030883,2803.395996,10.491497
CP14 = 1150.176879,2825.645263,10.492095
CP15 = 1126.107421,2786.464843,10.499897
CP16 = 1160.847045,2720.613525,10.448395
CP17 = 1245.122192,2634.213623,10.703300
CP18 = 1293.968627,2528.911376,10.351495