Name = Burnin Down The Strip
Race_Frequency = 1
Lineup_Delay = 150
Min_Racers = 2
Min_Level = 8
Cash_Prize = 3000
Cash_Entry = 100
XP_Prize = 2000
XP_Bonus = 250
Race_Time = 120
Startline_Heading = 0.962598
CP_Count = 27
CP1 = 2046.305908,866.740417,6.515995
CP2 = 2046.520263,992.494201,10.399000
CP3 = 2046.628417,1126.541870,10.399000
CP4 = 2047.799072,1312.371093,10.399000
CP5 = 2047.148315,1472.114868,10.399000
CP6 = 2046.229614,1611.450073,10.398900
CP7 = 2055.058349,1720.984375,10.399000
CP8 = 2111.383056,1833.510620,10.398900
CP9 = 2127.700195,1948.391235,10.415200
CP10 = 2127.279785,2104.920166,10.399000
CP11 = 2127.109619,2231.178955,10.399000
CP12 = 2096.413085,2328.009765,10.398900
CP13 = 2127.285400,2348.942382,10.398900
CP14 = 2179.635253,2311.788818,10.335597
CP15 = 2150.090820,2251.332031,10.399000
CP16 = 2147.896728,2137.025634,10.399000
CP17 = 2147.580078,2000.334350,10.399000
CP18 = 2147.658691,1884.458740,10.400695
CP19 = 2120.034423,1806.283203,10.399000
CP20 = 2073.577392,1715.503417,10.399000
CP21 = 2068.683593,1612.467529,10.406700
CP22 = 2068.436035,1494.194702,10.399000
CP23 = 2069.055908,1363.830566,10.405097
CP24 = 2069.697265,1220.378784,10.399100
CP25 = 2069.415039,1087.703735,10.399000
CP26 = 2069.199462,965.975280,10.100795
CP27 = 2069.608642,870.707885,6.630700