Name = Countryside Cruise
Race_Frequency = 4
Lineup_Delay = 177
Min_Racers = 1
Min_Level = 6
Cash_Prize = 3500
Cash_Entry = 400
XP_Prize = 2000
XP_Bonus = 500
Race_Time = 300
Startline_Heading = 91.703598
CP_Count = 16
CP1 = 2412.836669,94.440902,26.844100
CP2 = 2285.850830,90.701698,26.707000
CP3 = 2136.458007,94.334999,33.002399
CP4 = 1816.430541,191.346099,30.373399
CP5 = 1627.003540,267.600097,19.973199
CP6 = 1368.198608,217.434692,19.781000
CP7 = 1284.100585,235.025405,19.777299
CP8 = 1202.860717,59.289798,30.989099
CP9 = 1077.351562,2.427700,74.131698
CP10 = 928.271911,-12.846500,91.785598
CP11 = 692.849487,-23.438400,27.147899
CP12 = 576.312072,-51.032100,22.104799
CP13 = 532.352294,9.414500,23.846300
CP14 = 518.254089,167.161804,22.950399
CP15 = 606.090393,352.380615,19.301000
CP16 = 426.555511,607.263183,19.306100