Name = Flee the City
Race_Frequency = 5
Lineup_Delay = 260
Min_Racers = 3
Min_Level = 15
Cash_Prize = 10000
Cash_Entry = 500
XP_Prize = 6500
XP_Bonus = 500
Race_Time = 180
Startline_Heading = 178.408996
CP_Count = 51
CP1 = 2227.252929,2455.298095,10.470295
CP2 = 2250.323242,2411.606933,10.308695
CP3 = 2390.423828,2413.167968,10.305800
CP4 = 2526.882080,2397.524902,10.306400
CP5 = 2526.562011,2217.813720,10.302300
CP6 = 2508.855468,2028.951171,10.301400
CP7 = 2507.020996,1822.411865,10.472395
CP8 = 2543.370849,1705.818237,10.301695
CP9 = 2545.167968,1673.615356,10.302395
CP10 = 2532.204589,1614.178466,10.302300
CP11 = 2499.400878,1592.302246,10.301095
CP12 = 2494.482910,1534.354614,10.306695
CP13 = 2559.524658,1515.313720,10.299695
CP14 = 2547.481689,1455.340209,10.301695
CP15 = 2530.333496,1374.132324,10.442000
CP16 = 2476.833496,1373.645996,10.314800
CP17 = 2267.901611,1373.607177,10.301695
CP18 = 2109.000732,1372.795654,10.472599
CP19 = 2045.828613,1386.262207,10.300498
CP20 = 2018.900634,1453.454345,10.302495
CP21 = 1911.304565,1477.252441,10.978300
CP22 = 1909.466064,1516.091430,13.671500
CP23 = 1890.708374,1579.199218,10.449895
CP24 = 1831.693481,1582.606445,7.517300
CP25 = 1785.569091,1626.440063,6.365300
CP26 = 1788.126953,1753.955200,6.364398
CP27 = 1788.291992,2217.382812,4.147397
CP28 = 1763.895996,2386.126708,6.415900
CP29 = 1672.482788,2444.707031,6.735795
CP30 = 1522.719482,2453.595703,6.364398
CP31 = 1390.060180,2425.203857,7.275100
CP32 = 1298.874755,2370.931640,12.160495
CP33 = 1140.785888,2445.239257,10.238400
CP34 = 1036.392211,2517.309326,10.241295
CP35 = 845.283691,2620.040039,11.362195
CP36 = 664.132202,2535.888427,30.412300
CP37 = 651.689025,2370.787597,27.606199
CP38 = 663.334594,1973.942504,6.221199
CP39 = 652.082580,1829.421508,5.098800
CP40 = 602.818786,1726.411376,6.436600
CP41 = 530.306518,1695.079345,10.765700
CP42 = 522.981994,1721.683471,10.285099
CP43 = 569.481079,1784.786743,12.647195
CP44 = 613.027587,1951.130615,30.277200
CP45 = 576.799072,2220.223876,35.719799
CP46 = 528.722595,2341.020996,30.341299
CP47 = 487.724304,2395.337402,28.570699
CP48 = 485.322601,2432.505859,28.417100
CP49 = 472.678802,2491.019287,22.893499
CP50 = 455.717803,2555.445800,16.311800
CP51 = 386.754791,2592.980224,16.114200