Name = Flying Free
Race_Frequency = 3
Lineup_Delay = 190
Min_Racers = 1
Min_Level = 5
Cash_Prize = 2500
Cash_Entry = 200
XP_Prize = 1500
XP_Bonus = 250
Race_Time = 180
Startline_Heading = 259.537689
CP_Count = 20
CP1 = 2061.448242,2215.910156,10.445300
CP2 = 2093.051757,2216.076171,10.444995
CP3 = 2169.277343,2136.963623,10.296500
CP4 = 2373.673583,2149.300292,10.304800
CP5 = 2568.679931,2113.663818,10.296795
CP6 = 2643.902099,2144.782958,10.131095
CP7 = 2704.938964,2316.273193,6.359000
CP8 = 2572.242431,2550.578857,4.808000
CP9 = 2264.707031,2605.913330,6.382699
CP10 = 1542.255004,2453.953613,6.358798
CP11 = 1373.693603,2450.434814,6.359300
CP12 = 1226.383422,2114.844238,6.362596
CP13 = 1347.697143,1873.005859,10.296795
CP14 = 1663.839843,1713.190429,10.296795
CP15 = 1939.162231,1712.932739,10.296795
CP16 = 2129.437744,1772.984863,10.296795
CP17 = 2326.462402,1752.751953,10.296795
CP18 = 2289.884277,1532.981323,10.300600
CP19 = 2161.304931,1532.839965,10.298700
CP20 = 1998.135986,1543.920410,14.162695