Name = Lost in Smoke
Race_Frequency = 4
Lineup_Delay = 195
Min_Racers = 1
Min_Level = 6
Cash_Prize = 2500
Cash_Entry = 200
XP_Prize = 1300
XP_Bonus = 200
Race_Time = 180
Startline_Heading = 359.103698
CP_Count = 24
CP1 = 2156.771972,1680.312866,10.529100
CP2 = 2131.831542,1711.455444,10.525795
CP3 = 2037.205688,1716.419067,10.510396
CP4 = 1927.152832,1701.508422,10.658395
CP5 = 1883.923339,1681.550415,10.563595
CP6 = 1859.704467,1579.704589,10.658300
CP7 = 1906.875244,1572.430175,10.658300
CP8 = 1908.142822,1515.322021,13.899295
CP9 = 1931.039306,1454.329467,10.509595
CP10 = 2009.897460,1453.846313,10.510396
CP11 = 2085.991210,1433.514038,10.530900
CP12 = 2166.242431,1392.957397,10.657695
CP13 = 2222.373779,1392.593872,10.649600
CP14 = 2262.826416,1375.211059,10.513095
CP15 = 2363.588134,1374.051391,10.646595
CP16 = 2407.027343,1362.482666,9.943300
CP17 = 2407.090087,1345.718627,7.001500
CP18 = 2407.459960,1252.279174,7.001698
CP19 = 2400.017578,1214.212280,7.002398
CP20 = 2255.969970,1213.816772,7.280900
CP21 = 2228.337646,1234.447998,10.510000
CP22 = 2218.715332,1280.690917,10.658800
CP23 = 2170.560058,1312.541992,10.660200
CP24 = 2096.192871,1334.370483,10.658596