Name = LS-SF Trailers Racing
Race_Frequency = 4
Lineup_Delay = 171
Min_Racers = 2
Min_Level = 3
Cash_Prize = 5000
Cash_Entry = 1000
XP_Prize = 2000
XP_Bonus = 250
Race_Time = 420
Startline_Heading = 343.956909
CP_Count = 34
CP1 = -120.807815,-1147.137573,2.719110
CP2 = -82.852317,-1047.211181,21.957418
CP3 = -115.624061,-997.736999,25.592842
CP4 = -82.730857,-907.239379,17.884990
CP5 = 31.867433,-650.794860,3.797811
CP6 = 41.413066,-532.738037,10.706624
CP7 = -147.607681,-376.864166,1.661038
CP8 = -236.434204,-282.107421,1.658764
CP9 = -329.616485,-275.648468,10.452012
CP10 = -473.851745,-274.287139,46.624412
CP11 = -686.532348,-247.714126,63.113967
CP12 = -921.137145,-241.021697,38.739326
CP13 = -965.255920,-332.498352,36.849201
CP14 = -1059.334472,-461.073089,35.559257
CP15 = -1154.358276,-591.835510,35.096218
CP16 = -1199.705444,-733.165588,59.202930
CP17 = -1305.996215,-811.220153,73.194343
CP18 = -1448.195068,-819.205383,76.170936
CP19 = -1744.063598,-721.545776,31.491624
CP20 = -1761.630126,-602.261962,16.808237
CP21 = -1881.858276,-580.100219,25.027427
CP22 = -2027.358276,-579.902404,27.775907
CP23 = -2189.055419,-460.182220,49.895381
CP24 = -2256.150390,-324.481140,51.263500
CP25 = -2255.885253,-206.773544,35.940673
CP26 = -2191.058593,-188.351242,35.752887
CP27 = -2167.452392,-89.129249,35.753189
CP28 = -2026.390136,-70.211349,35.749736
CP29 = -1932.480224,-65.856277,26.133337
CP30 = -1843.402221,-116.330429,6.094480
CP31 = -1749.579223,-116.297332,4.139460
CP32 = -1736.569702,-41.504333,4.143358
CP33 = -1671.032958,4.565010,4.136196
CP34 = -1548.160766,124.782295,4.134778