Name = LS-SF Majestic
Race_Frequency = 2
Lineup_Delay = 233
Min_Racers = 2
Min_Level = 3
Cash_Prize = 5500
Cash_Entry = 3500
XP_Prize = 4600
XP_Bonus = 950
Race_Time = 860
Startline_Heading = 259.406311
CP_Count = 80
CP1 = -104.433792,-1431.818237,12.577630
CP2 = -171.916503,-1503.885253,13.170203
CP3 = -278.617431,-1666.031616,14.992214
CP4 = -367.352294,-1867.126708,25.003297
CP5 = -347.667724,-2116.999267,28.028789
CP6 = -249.398056,-2336.641845,30.756446
CP7 = -98.111114,-2486.379638,37.764923
CP8 = -30.553524,-2681.760253,41.996421
CP9 = -124.645324,-2816.828125,38.831600
CP10 = -301.318145,-2805.735107,55.567024
CP11 = -740.216552,-2761.855468,74.132522
CP12 = -903.029113,-2834.279052,69.858612
CP13 = -1184.799926,-2853.838378,67.392601
CP14 = -1332.687744,-2875.447998,56.019027
CP15 = -1492.653320,-2825.356689,46.153957
CP16 = -1658.665405,-2701.373046,48.532726
CP17 = -1741.947509,-2603.608154,49.144374
CP18 = -1872.492065,-2578.232666,60.447795
CP19 = -1998.108276,-2614.976806,60.255676
CP20 = -2228.511718,-2631.690917,47.648338
CP21 = -2357.448974,-2571.083496,45.176189
CP22 = -2450.535156,-2420.512695,32.268653
CP23 = -2525.361816,-2162.655029,29.752235
CP24 = -2711.444091,-2007.100952,44.432579
CP25 = -2868.644042,-1815.494384,36.290466
CP26 = -2916.370361,-1617.695068,12.220719
CP27 = -2931.125244,-1395.994262,11.080078
CP28 = -2862.546386,-913.318298,9.057291
CP29 = -2864.109619,-701.663024,6.718760
CP30 = -2833.010986,-565.294311,6.722609
CP31 = -2759.948730,-455.586059,6.747251
CP32 = -2630.518554,-363.286560,14.130641
CP33 = -2552.287353,-344.587005,24.975540
CP34 = -2280.013671,-347.557525,39.369800
CP35 = -2151.278076,-348.381072,34.834873
CP36 = -2015.738037,-351.513244,35.624855
CP37 = -1906.043701,-321.720977,48.813484
CP38 = -1878.706787,-157.783432,39.092716
CP39 = -1887.306884,45.548370,37.921863
CP40 = -1819.232299,363.500762,38.270591
CP41 = -1671.803588,529.587402,37.921722
CP42 = -1393.260986,821.477661,47.133235
CP43 = -1127.972412,1101.557983,37.835430
CP44 = -1052.634887,1225.911987,38.799293
CP45 = -957.328857,1301.790161,39.551528
CP46 = -908.989013,1233.306640,33.813594
CP47 = -984.620483,1262.601440,32.851966
CP48 = -1067.166381,1394.684692,31.028055
CP49 = -1110.193969,1589.111328,26.842140
CP50 = -1193.649291,1691.341064,19.344429
CP51 = -1369.096435,1796.078125,33.345523
CP52 = -1492.226684,1826.267211,31.438890
CP53 = -1536.334350,1855.237670,28.438688
CP54 = -1609.072753,1993.126220,17.774850
CP55 = -1664.524902,2147.036376,19.729780
CP56 = -1824.661621,2279.651367,27.463926
CP57 = -1905.654052,2427.869384,52.463359
CP58 = -1980.589965,2582.333496,51.216781
CP59 = -2297.072021,2675.421875,55.939224
CP60 = -2647.760742,2667.087158,80.698608
CP61 = -2766.448730,2489.243652,95.235923
CP62 = -2705.776367,2220.700195,55.129089
CP63 = -2689.233398,1933.745361,63.743072
CP64 = -2689.243652,1595.775878,63.775001
CP65 = -2686.595458,1309.002319,55.109367
CP66 = -2680.274902,1221.362792,55.109386
CP67 = -2553.184570,1101.517944,55.257781
CP68 = -2340.685791,1061.914062,55.257793
CP69 = -2034.046020,1055.430664,55.249988
CP70 = -1912.803466,1055.566528,47.608806
CP71 = -1888.361206,1006.589599,37.968677
CP72 = -1899.291259,888.049499,34.695293
CP73 = -1899.347656,703.044006,44.976551
CP74 = -1899.023803,624.929382,34.695316
CP75 = -1982.735107,606.131896,34.695293
CP76 = -2003.575073,507.995819,34.550502
CP77 = -2003.549682,308.141387,34.617477
CP78 = -2006.218505,109.768966,27.218761
CP79 = -2007.213623,-51.414466,34.848094
CP80 = -2045.204956,-70.180046,34.848484