Name = LV Julius Thruway Race
Race_Frequency = 1
Lineup_Delay = 184
Min_Racers = 1
Min_Level = 3
Cash_Prize = 10000
Cash_Entry = 2500
XP_Prize = 3000
XP_Bonus = 750
Race_Time = 380
Startline_Heading = -90.328941
CP_Count = 21
CP1 = 1761.945312,834.752136,9.854598
CP2 = 1926.778076,835.270935,6.768105
CP3 = 2166.117675,834.763549,6.421391
CP4 = 2450.890869,846.040527,6.411907
CP5 = 2685.494384,1016.232116,6.416429
CP6 = 2708.366699,1262.715698,6.465257
CP7 = 2708.763183,1531.500488,6.421368
CP8 = 2708.590820,1858.919921,6.461460
CP9 = 2708.042724,2158.870361,6.454934
CP10 = 2644.117187,2479.117431,6.423271
CP11 = 2364.383056,2613.524658,6.450695
CP12 = 2062.430419,2558.624755,6.508337
CP13 = 1718.342529,2467.594970,6.520040
CP14 = 1280.556762,2395.408447,6.417593
CP15 = 1226.820068,2248.486083,6.421429
CP16 = 1226.210815,2024.058105,6.417593
CP17 = 1226.226684,1782.377807,6.416430
CP18 = 1226.576171,1341.113769,6.465250
CP19 = 1227.542236,1032.975463,6.511096
CP20 = 1494.802490,838.906738,6.495018
CP21 = 1761.945312,834.752136,9.854598