Name = Monstertruck Madness
Race_Frequency = 5
Lineup_Delay = 170
Min_Racers = 1
Min_Level = 9
Cash_Prize = 3500
Cash_Entry = 400
XP_Prize = 2000
XP_Bonus = 500
Race_Time = 300
Startline_Heading = 271.677886
CP_Count = 22
CP1 = 2440.966796,113.509597,26.848699
CP2 = 2551.229980,43.354000,26.711900
CP3 = 2706.891113,-18.223899,33.559898
CP4 = 2678.339843,-227.122192,34.267501
CP5 = 2712.946777,-449.577911,53.779701
CP6 = 2763.471679,-687.553710,65.047401
CP7 = 2763.475830,-687.319274,65.058403
CP8 = 2734.791503,-881.597412,46.912399
CP9 = 2451.906738,-970.976013,80.437103
CP10 = 2210.989990,-1018.445373,61.158000
CP11 = 2161.808105,-1019.606079,62.954399
CP12 = 2229.970947,-1134.700317,25.996299
CP13 = 2287.230468,-1117.330078,27.320299
CP14 = 2130.161621,-634.412902,61.935901
CP15 = 2018.678100,-516.771911,78.327903
CP16 = 2027.698486,-439.477203,77.326797
CP17 = 2510.032226,-282.238891,17.302700
CP18 = 2726.483886,-283.203186,17.304599
CP19 = 2826.271484,72.082496,27.230899
CP20 = 2766.714111,315.790313,8.755700
CP21 = 2767.435058,616.361022,8.846500
CP22 = 2767.290283,890.366821,11.336297