Name = Mullholland Getaway
Race_Frequency = 3
Lineup_Delay = 190
Min_Racers = 1
Min_Level = 4
Cash_Prize = 2700
Cash_Entry = 400
XP_Prize = 1500
XP_Bonus = 100
Race_Time = 120
Startline_Heading = 148.489196
CP_Count = 12
CP1 = 1244.737182,-820.566772,83.947303
CP2 = 1245.242431,-769.081604,91.653297
CP3 = 1353.116821,-685.214599,92.011001
CP4 = 1399.328369,-594.385681,78.625801
CP5 = 1169.557250,-631.097778,103.552200
CP6 = 955.697998,-655.618896,120.847999
CP7 = 757.258178,-804.394226,66.092002
CP8 = 672.838623,-889.908813,66.114196
CP9 = 738.280578,-958.398376,54.076801
CP10 = 691.284912,-991.944580,51.856399
CP11 = 681.535522,-674.760498,15.991100
CP12 = 700.163574,-465.720001,16.138000