Name = MurderHorn
Race_Frequency = 6
Lineup_Delay = 300
Min_Racers = 1
Min_Level = 15
Cash_Prize = 10000
Cash_Entry = 500
XP_Prize = 5500
XP_Bonus = 250
Race_Time = 600
Startline_Heading = 294.701110
CP_Count = 69
CP1 = -2394.039306,-2205.217529,32.957500
CP2 = -2329.508789,-2175.462402,36.132900
CP3 = -2264.416748,-2141.021484,56.612998
CP4 = -2210.086425,-2092.314208,76.445602
CP5 = -2170.059814,-2050.120361,89.301498
CP6 = -2134.702148,-1990.879882,96.289497
CP7 = -2106.839111,-1917.067871,103.575698
CP8 = -2105.540771,-1884.620971,110.189697
CP9 = -2134.646728,-1924.531860,116.334503
CP10 = -2158.979248,-1981.097656,118.249397
CP11 = -2190.337402,-2011.614990,119.086097
CP12 = -2227.294677,-2054.476318,119.605300
CP13 = -2307.955566,-2089.959716,115.834999
CP14 = -2385.395019,-2099.328613,116.617698
CP15 = -2433.343017,-2088.267822,123.311599
CP16 = -2490.163085,-2076.245361,124.685501
CP17 = -2557.500000,-2073.332519,129.556503
CP18 = -2611.450195,-2081.263183,131.697204
CP19 = -2624.775878,-2026.413452,126.523101
CP20 = -2638.338134,-1983.079101,125.963302
CP21 = -2662.966308,-1931.660888,129.768493
CP22 = -2678.557861,-1885.609130,135.676101
CP23 = -2731.799804,-1876.614746,139.454895
CP24 = -2765.004882,-1839.656982,141.504699
CP25 = -2782.549316,-1731.855346,141.339599
CP26 = -2769.145507,-1651.451416,141.111602
CP27 = -2760.931396,-1521.950195,139.778701
CP28 = -2754.276123,-1413.456542,140.772796
CP29 = -2731.964599,-1321.382934,149.062393
CP30 = -2693.446533,-1247.427368,158.110702
CP31 = -2636.036865,-1171.668945,167.249298
CP32 = -2573.377685,-1145.200805,172.946304
CP33 = -2561.436035,-1103.893310,175.314193
CP34 = -2516.594238,-1113.186645,177.017593
CP35 = -2540.403320,-1151.670532,180.484893
CP36 = -2591.050048,-1172.182250,190.718795
CP37 = -2613.494384,-1220.107299,206.602294
CP38 = -2608.029785,-1276.003173,218.564498
CP39 = -2659.409179,-1333.434814,243.945404
CP40 = -2675.003662,-1387.083740,253.986602
CP41 = -2675.716308,-1413.664184,260.178405
CP42 = -2687.438232,-1464.959838,280.178405
CP43 = -2716.427978,-1491.607421,294.123291
CP44 = -2675.582275,-1539.650146,303.996307
CP45 = -2650.030273,-1582.563842,312.859008
CP46 = -2602.988525,-1615.200683,340.584808
CP47 = -2585.276123,-1671.203979,351.903594
CP48 = -2582.858398,-1744.391235,349.881988
CP49 = -2542.689697,-1802.643798,374.009704
CP50 = -2551.837402,-1761.600219,383.048095
CP51 = -2560.704833,-1683.054199,395.417602
CP52 = -2542.186035,-1671.690429,400.571685
CP53 = -2518.052490,-1741.821044,401.647186
CP54 = -2474.316650,-1796.244628,405.388885
CP55 = -2438.238769,-1788.460571,413.005187
CP56 = -2458.854248,-1727.179931,428.684112
CP57 = -2419.624755,-1752.306274,433.195800
CP58 = -2370.701904,-1810.886840,431.443206
CP59 = -2312.709960,-1802.389038,440.237609
CP60 = -2286.656494,-1758.789550,456.576995
CP61 = -2287.727050,-1700.503173,478.496307
CP62 = -2316.737304,-1657.085083,483.244384
CP63 = -2383.897216,-1618.687744,497.243896
CP64 = -2331.691894,-1592.266357,483.350891
CP65 = -2290.719482,-1637.315185,483.354888
CP66 = -2285.230712,-1681.304809,481.565185
CP67 = -2259.044433,-1696.067504,480.222412
CP68 = -2237.513427,-1744.871826,480.509399
CP69 = -2344.010986,-1615.604248,484.372711