Name = Riverside Run
Race_Frequency = 4
Lineup_Delay = 190
Min_Racers = 1
Min_Level = 6
Cash_Prize = 4500
Cash_Entry = 300
XP_Prize = 2500
XP_Bonus = 500
Race_Time = 130
Startline_Heading = 187.732894
CP_Count = 52
CP1 = 1557.117187,26.855699,23.884500
CP2 = 1560.000000,-45.581298,20.845800
CP3 = 1551.515625,-137.928497,17.427400
CP4 = 1497.231201,-198.229598,11.638600
CP5 = 1409.621582,-213.173004,6.283699
CP6 = 1323.736572,-195.969894,15.832098
CP7 = 1280.091674,-165.072998,32.905200
CP8 = 1228.620605,-119.976097,39.044498
CP9 = 1195.272583,-85.818199,37.471298
CP10 = 1122.453002,-60.026599,19.893400
CP11 = 1016.431823,-72.837997,22.066698
CP12 = 917.108886,-90.521301,19.033899
CP13 = 862.506896,-95.965400,26.798799
CP14 = 808.311828,-115.893096,23.133300
CP15 = 724.439514,-175.511901,20.540199
CP16 = 661.619323,-196.799301,12.748295
CP17 = 579.278320,-201.213897,13.668895
CP18 = 524.913085,-214.650695,15.528400
CP19 = 484.824493,-254.198898,10.578700
CP20 = 402.558288,-309.404998,11.101200
CP21 = 357.091094,-332.487487,12.251795
CP22 = 319.819885,-360.065185,9.088397
CP23 = 281.867309,-378.554687,8.638895
CP24 = 217.614593,-344.199096,3.858798
CP25 = 208.455703,-301.543212,1.158300
CP26 = 231.620895,-260.294586,1.156700
CP27 = 232.740203,-177.142807,1.156800
CP28 = 231.772796,-110.883003,1.156800
CP29 = 250.241897,-72.577598,1.156200
CP30 = 317.251708,-73.746299,1.156700
CP31 = 352.436798,-94.318702,1.062800
CP32 = 388.295806,-85.340400,2.498100
CP33 = 392.304901,-22.811500,3.563600
CP34 = 448.394287,23.394100,9.524100
CP35 = 497.510498,49.598999,18.275899
CP36 = 526.653869,72.094200,20.826499
CP37 = 537.919128,155.728195,24.242200
CP38 = 609.374816,205.958297,21.627000
CP39 = 685.590576,221.344497,26.082199
CP40 = 788.901794,212.482696,33.760398
CP41 = 904.304992,203.225799,31.344600
CP42 = 944.668518,177.474304,31.569700
CP43 = 997.197570,168.058303,28.228500
CP44 = 1057.145874,191.736694,32.606998
CP45 = 1106.196411,223.562896,30.149900
CP46 = 1163.444702,301.451812,18.049999
CP47 = 1222.117797,280.415405,19.133300
CP48 = 1306.946289,240.375595,19.136199
CP49 = 1403.184326,197.942199,19.244600
CP50 = 1492.529907,158.502304,30.318399
CP51 = 1533.342041,90.582801,28.922399
CP52 = 1552.833374,39.039501,23.897600