Name = SF Fuck'in Wood Race
Race_Frequency = 3
Lineup_Delay = 283
Min_Racers = 1
Min_Level = 0
Cash_Prize = 3500
Cash_Entry = 500
XP_Prize = 1600
XP_Bonus = 250
Race_Time = 360
Startline_Heading = 259.406311
CP_Count = 21
CP1 = -2013.970581,-2441.950683,30.304485
CP2 = -1957.430053,-2453.649414,30.304676
CP3 = -1899.496215,-2428.043945,31.706417
CP4 = -1797.165649,-2467.200927,19.132934
CP5 = -1738.609252,-2543.166748,5.463871
CP6 = -1666.865112,-2612.903320,41.768672
CP7 = -1585.895629,-2635.460205,53.075382
CP8 = -1487.593017,-2635.309814,44.899360
CP9 = -1338.373046,-2627.819091,18.848175
CP10 = -1186.886108,-2637.943847,11.437123
CP11 = -1103.373413,-2667.561035,21.268848
CP12 = -1027.486694,-2683.109619,49.910030
CP13 = -923.635375,-2666.899902,84.177619
CP14 = -843.999572,-2679.617187,96.838043
CP15 = -766.508911,-2681.749267,83.905654
CP16 = -714.823486,-2615.932861,74.742988
CP17 = -683.900085,-2547.788818,51.498805
CP18 = -607.964477,-2412.248779,29.307241
CP19 = -489.472290,-2270.986328,38.122276
CP20 = -417.055084,-2258.865234,46.972866
CP21 = -285.449981,-2238.987060,29.130304