Name = Strip Tease
Race_Frequency = 6
Lineup_Delay = 240
Min_Racers = 1
Min_Level = 2
Cash_Prize = 3000
Cash_Entry = 200
XP_Prize = 2000
XP_Bonus = 600
Race_Time = 1500
Startline_Heading = 133.159301
CP_Count = 8
CP1 = -1103.233276,388.674011,14.148400
CP2 = -1155.286499,337.269989,14.250000
CP3 = -1235.945312,242.726699,14.148400
CP4 = -1324.743530,166.791000,14.140895
CP5 = -1411.206909,82.983703,14.148400
CP6 = -1496.866699,-5.617300,14.148400
CP7 = -1575.063110,-82.644599,14.148400
CP8 = -1652.769409,-171.043701,14.148400