Name = Tearin Up The Grove
Race_Frequency = 1
Lineup_Delay = 182
Min_Racers = 1
Min_Level = 0
Cash_Prize = 1000
Cash_Entry = 100
XP_Prize = 700
XP_Bonus = 50
Race_Time = 120
Startline_Heading = 86.780403
CP_Count = 12
CP1 = 2455.341796,-1658.946166,13.108400
CP2 = 2328.312988,-1659.662353,13.382300
CP3 = 2153.565429,-1630.447998,13.434495
CP4 = 1985.431884,-1622.290527,15.425100
CP5 = 1806.485229,-1612.062011,13.158699
CP6 = 1591.478881,-1591.919067,13.187500
CP7 = 1247.591064,-1570.845336,13.186595
CP8 = 1018.674316,-1571.999145,13.192500
CP9 = 810.700622,-1658.253662,13.186595
CP10 = 827.247009,-1820.215087,12.134900
CP11 = 831.597412,-1943.273803,12.670598
CP12 = 828.510314,-2046.398437,12.670200